0		0.0000
0.5		0.001
1		0.003	0.004
1.5		0.007	0.008
2		0.014	0.015	0.016
2.5		0.028	0.029	0.03	0.031
3		0.044	0.045	0.046	0.047
3.5		0.069	0.07	0.071	0.072
4		0.091	0.092	0.093	0.094	0.095
4.5		0.119	0.120	0.121
5		0.141	0.142	0.143	0.144	0.145	0.146
5.5		0.167	0.168	0.169
6		0.192	0.193	0.194	0.195
6.5		0.222	0.223	0.224	0.225
7		0.259	0.260	0.261
7.5		0.309	0.310	0.311	0.312
8		0.432	0.433	0.434	0.435
8.5		0.565	0.566	0.567
9		0.701	0.702	0.703	0.704
9.5		0.812	0.813	0.814	0.815
10		0.963	0.964	0.965